62
46
5
0
56
45
69
17
49
18
15
83
90
35
19
79
88
91
13
75
94
18
40
61
0
12
22
24
86
64
52
17
24
97
72
28
90
32
29
26
83
73
14
45
74
68
44
83
30
5
73
28
13
36
26
87
16
2
41
74
69
69
76
5
46
35
95
13
70
94
40
45
30
92
70
82
90
46
75
21
5
71
24
10
71
19
87
61
23
70
23
20
74
92
57
23
79
87
82
56
72
3
70
87
62
26
19
90
33
43
46
0
90
22
92
91
6
98
45
20
16
40
56
83
4
96
79
19
25
21
33
28
56
91
17
44
18
4
13
97
67
44
29
9
65
89
51
84
9
63
84
75
32
19
24
94
35
71
59
59
21
18
48
55
47
98
84
42
51
42
28
79
72
74
3
22
81
37
11
81
72
73
95
78
95
84
3
87
23
92
20
5
62
66
30
95
83
76
36
75
76
19
12
99
60
19
76
73
43
38
17
33
67
16
10
33
97
26
85
56
37
39
38
68
42
84
65
89
86
85
39
10
95
91
37
86
84
33
77
69
18
71
5
54
7
89
6
53
93
10
90
34
51
92
78
28
38
49
72
33
11
81
93
95
62
27
98
80
98
86
13
35
4
8
15
38
30
54
66
5
79
3
37
53
43
15
88
22
18
88
78
62
46
48
84
55
33
99
77
32
44
92
49
57
23
70
63
30
42
12
82
41
41
94
76
96
72
44
42
17
25
14
96
2
20
42
91
4
17
74
84
12
41
53
43
34
23
25
13
66
18
11
79
37
73
2
25
96
14
43
10
49
64
43
50
35
79
55
63
69
30
56
73
58
85
39
62
46
65
0
68
25
54
75
93
42
84
64
93
85
65
20
0
70
82
49
41
50
53
3
46
35
88
74
90
59
56
96
44
78
13
92
62
45
86
52
46
55
9
67
92
19
54
7
23
93
72
47
99
74
65
75
72
32
22
16
92
23
7
18
5
45
43
40
97
52
70
43
73
9
17
60
31
74
79
69
11
45
62
55
5
9
34
65
12
3
97
65
95
5
32
64
85
3
26
92
23
87
11
10
95
22
20
7
0
5
98
96
37
31
32
21
74
69
95
70
42
72
12
86
87
7
13
77
85
24
86
46
74
29
8
42
42
68
29
67
59
34
98
97
80
93
21
82
72
11
77
51
58
87
28
2
88
99
41
19
89
93
5
11
11
92
56
68
9
10
17
76
42
91
66
80
69
29
37
54
30
39
77
26
70
45
1
34
66
98
64
29
91
93
17
74
90
62
61
30
37
49
16
95
4
40
85
9
43
30
2
92
99
65
76
80
75
69
31
77
40
99
66
63
62
20
7
12
95
80
3
25
17
92
81
20
81
63
88
73
10
1
46
4
73
72
0
90
83
68
61
24
4
56
28
68
87
95
86
20
38
10
64
42
6
79
93
90
96
74
32
62
67
88
26
59
62
37
95
22
65
8
72
50
80
43
48
66
28
89
31
36
55
87
73
63
83
86
64
82
47
34
34
25
9
97
45
77
12
72
64
58
90
27
83
36
46
33
12
24
1
10
94
16
62
8
95
22
8
85
37
35
0
59
73
71
17
20
0
17
17
65
35
32
89
17
75
42
92
78
27
54
5
94
22
93
19
66
89
73
30
21
1
70
44
69
5
50
66
27
43
60
82
63
57
42
74
92
24
79
43
53
89
88
92
18
60
95
53
58
70
10
36
13
27
86
15
87
2
40
28
60
77
29
71
64
96
30
22
30
93
31
23
96
22
18
82
97
64
5
90
51
33
56
3
6
45
96
25
27
88
55
36
18
71
61
60
6
22
86
13
42
87
31
80
65
50
88
64
79
73
7
32
60
27
90
46
59
64
7
18
75
19
5
97
74
85
3
25
1
62
73
73
28
70
27
50
41
98
30
94
57
16
6
8
44
61
70
17
20
3
64
74
72
36
88
8
70
34
24
29
87
64
58
52
49
45
90
81
48
60
12
67
26
25
22
75
52
84
59
49
5
72
66
37
25
30
82
80
84
75
52
62
95
48
43
78
44
42
45
5
17
14
74
19
78
27
66
63
48
54
64
41
6
88
78
51
88
84
49
22
3
40
1
7
12
22
39
50
45
30
27
13
29
35
84
75
17
91
59
9
43
1
91
14
40
55
59
19
51
4
27
57
40
72
18
67
51
62
14
76
65
20
0
79
80
23
34
22
76
1
16
13
83
56
91
79
42
84
62
55
11
54
3
25
58
32
81
35
7
73
35
77
66
